# Tuning file for Max/MSP coll objects. - Created using Scale Workshop 1.4
# 5 equal divisions of 2/1
#
# https://sevish.com/scaleworkshop/?name=5%20equal%20divisions%20of%202%2F1&data=240.%0A480.%0A720.%0A960.%0A1200.&freq=440&midi=69&vert=5&horiz=1&colors=white%20black%20white%20white%20black%20white%20black%20white%20white%20black%20white%20black&waveform=semisine&ampenv=organ
#
0, 0.0308488;
1, 0.0354360;
2, 0.0407053;
3, 0.0467581;
4, 0.0537109;
5, 0.0616977;
6, 0.0708720;
7, 0.0814106;
8, 0.0935162;
9, 0.1074219;
10, 0.1233953;
11, 0.1417440;
12, 0.1628211;
13, 0.1870323;
14, 0.2148438;
15, 0.2467907;
16, 0.2834880;
17, 0.3256422;
18, 0.3740647;
19, 0.4296875;
20, 0.4935813;
21, 0.5669761;
22, 0.6512845;
23, 0.7481294;
24, 0.8593750;
25, 0.9871626;
26, 1.1339521;
27, 1.3025689;
28, 1.4962588;
29, 1.7187500;
30, 1.9743253;
31, 2.2679042;
32, 2.6051378;
33, 2.9925176;
34, 3.4375000;
35, 3.9486506;
36, 4.5358084;
37, 5.2102757;
38, 5.9850351;
39, 6.8750000;
40, 7.8973012;
41, 9.0716169;
42, 10.4205514;
43, 11.9700702;
44, 13.7500000;
45, 15.7946024;
46, 18.1432338;
47, 20.8411028;
48, 23.9401405;
49, 27.5000000;
50, 31.5892048;
51, 36.2864675;
52, 41.6822056;
53, 47.8802810;
54, 55.0000000;
55, 63.1784095;
56, 72.5729351;
57, 83.3644112;
58, 95.7605620;
59, 110.0000000;
60, 126.3568190;
61, 145.1458702;
62, 166.7288223;
63, 191.5211239;
64, 220.0000000;
65, 252.7136381;
66, 290.2917404;
67, 333.4576446;
68, 383.0422479;
69, 440.0000000;
70, 505.4272762;
71, 580.5834807;
72, 666.9152893;
73, 766.0844957;
74, 880.0000000;
75, 1010.8545524;
76, 1161.1669615;
77, 1333.8305785;
78, 1532.1689914;
79, 1760.0000000;
80, 2021.7091048;
81, 2322.3339230;
82, 2667.6611571;
83, 3064.3379828;
84, 3520.0000000;
85, 4043.4182096;
86, 4644.6678459;
87, 5335.3223141;
88, 6128.6759656;
89, 7040.0000000;
90, 8086.8364192;
91, 9289.3356918;
92, 10670.6446282;
93, 12257.3519312;
94, 14080.0000000;
95, 16173.6728384;
96, 18578.6713837;
97, 21341.2892565;
98, 24514.7038624;
99, 28160.0000000;
100, 32347.3456767;
101, 37157.3427674;
102, 42682.5785129;
103, 49029.4077248;
104, 56320.0000000;
105, 64694.6913534;
106, 74314.6855347;
107, 85365.1570259;
108, 98058.8154497;
109, 112640.0000000;
110, 129389.3827069;
111, 148629.3710695;
112, 170730.3140517;
113, 196117.6308994;
114, 225280.0000000;
115, 258778.7654137;
116, 297258.7421389;
117, 341460.6281035;
118, 392235.2617987;
119, 450560.0000000;
120, 517557.5308275;
121, 594517.4842778;
122, 682921.2562069;
123, 784470.5235974;
124, 901120.0000000;
125, 1035115.0616549;
126, 1189034.9685557;
127, 1365842.5124138;
